0.081800
0.373400
0.593300
0.730000
0.931200
0.951500
1.406900
1.421800
1.716700
2.139700
2.266800
2.518800
2.907100
2.941200
2.945800
2.947600
2.950700
2.954300
2.956800
2.959300
2.963200
2.968200
2.970000
2.973000
2.975400
2.977200
2.979100
2.981700
2.983100
2.985600
2.991300
2.992600
2.995300
2.996900
2.998300
2.999600
3.002700
3.004700
3.006200
3.008900
3.010000
3.012900
3.014700
3.016500
3.018300
3.020400
3.024700
3.027700
3.030100
3.032500
3.035500
3.037700
3.040200
3.041900
3.043900
3.047100
3.049000
3.050200
3.055300
3.056600
3.062800
3.063900
3.065000
3.068400
3.070900
3.072900
3.074500
3.076400
3.081100
3.082600
3.090500
3.092100
3.094600
3.096900
3.098500
3.107900
3.114300
3.119400
3.131900
3.142800
3.147900
3.154400
3.162200
3.181600
3.184700
3.197500
3.213100
3.219200
3.226000
3.231300
3.239500
3.261800
3.271900
3.285500
3.299900
3.309100
3.330800
3.340100
3.356100
3.372500
3.401600
3.443800
3.488100
3.545600
3.942000
4.541800
4.566500
4.570800
4.576700
4.580900
4.586500
4.594100
4.597400
4.601600
4.603600
4.608500
4.619700
4.630600
4.646400
4.658700
4.675900
4.704900
4.720600
4.783400
5.558900
6.376500
6.557500
7.510700
7.717700
8.218400
8.613100
8.658900
8.667000
8.669900
8.676100
8.687100
8.690000
8.694300
8.697700
8.707600
8.710400
8.714300
8.721300
8.724000
8.728400
8.731100
8.732100
8.735400
8.738400
8.740000
8.742900
8.744500
8.746500
8.752700
8.754700
8.765200
8.767300
8.769800
8.772700
8.798100
8.868700
9.471900
9.760700
9.987600
10.337600
10.521100
10.755900
11.014100
11.211200
11.554800
11.937900
12.122000
12.388600
12.612900
12.854900
13.075000
13.507000
13.703300
13.718600
13.723500
13.727100
13.730300
13.737200
13.740300
13.742400
13.744800
13.747400
13.752500
13.755300
13.757600
13.761300
13.764400
13.766500
13.768100
13.769100
13.771500
13.775900
13.778900
13.781300
13.783000
13.785300
13.786900
13.790800
13.792100
13.793300
13.798800
13.800900
13.802800
13.807600
13.808600
13.811400
13.812500
13.815500
13.816900
13.822000
13.825300
13.838600
13.847400
13.866300
13.875500
13.897800
13.924200
13.974200
14.809000
15.001300
15.178400
15.197900
15.239100
15.505400
15.826200
15.997400
16.183700
16.461700
16.733500
16.997300
17.350500
17.628000
17.911800
18.151300
18.339700
18.495800
18.671500
18.830800
18.866200
18.870200
18.872000
18.876600
18.879900
18.881400
18.884400
18.885600
18.889500
18.891400
18.892600
18.896600
18.897700
18.898900
18.900600
18.903500
18.905100
18.908200
18.910100
18.911300
18.914200
18.915500
18.917000
18.918800
18.919900
18.922800
18.924700
18.926900
18.928500
18.931700
18.932800
18.935100
18.938100
18.939400
18.942000
18.945300
18.948300
18.950500
18.952600
18.955300
18.957800
18.960100
18.962600
18.965900
18.967000
18.969600
18.970900
18.975200
18.976200
18.978300
18.981500
18.982700
18.984900
18.987300
18.988300
18.990900
18.993300
18.995900
18.999300
19.003200
19.004500
19.010500
19.013500
19.017200
19.018200
19.021600
19.027900
19.033100
19.037700
19.039200
19.041700
19.049800
19.053700
19.057500
19.067400
19.068400
19.078300
19.089900
19.093000
19.103800
19.114100
19.117500
19.129500
19.142700
19.154300
19.166900
19.187100
19.215100
19.248700
19.262400
19.269700
19.276700
19.299700
19.312600
19.320200
19.335200
19.344500
19.362400
19.375600
19.399000
19.439100
19.477600
20.192300
20.212400
20.700100
21.272200
22.110300
22.363700
23.593100
23.732500
24.340200
24.613800
24.791000
25.145200
25.489600
25.793100
25.810600
25.815600
25.821700
25.826000
25.827600
25.834000
25.844200
25.859300
25.877700
25.896900
25.904300
25.906600
25.925600
25.937900
25.939700
25.942900
25.944400
25.946300
25.949400
25.952000
25.953100
25.956400
25.958100
25.965000
25.966700
25.970700
25.973900
25.983300
25.989500
25.992300
26.014400
26.540600
26.696700
26.725500
26.848800
27.030300
27.206400
27.399700
27.688800
27.846500
28.232000
28.274200
28.497600
28.865600
29.189500
29.348400
29.543300
29.931000
30.114000
30.495800
30.532200
30.535700
30.539100
30.544400
30.549200
30.551900
30.553100
30.558600
30.563600
30.565300
30.568000
30.571200
30.573200
30.575600
30.580000
30.583800
30.585800
30.586900
30.590700
30.592800
30.594200
30.597500
30.599500
30.603200
30.605700
30.609300
30.610600
30.612000
30.614800
30.616200
30.619400
30.621600
30.623600
30.627300
30.629700
30.630900
30.635500
30.636500
30.645000
30.647200
30.649100
30.657900
30.663200
30.669700
30.670700
30.679700
30.685600
30.698400
30.706200
30.727500
30.745600
30.756400
30.779600
30.790900
30.830100
30.848400
30.881300
31.427600
31.749500
31.892100
32.043500
32.172900
32.440400
32.828200
33.160600
33.437100
33.592000
33.760000
33.994700
34.337800
34.367700
34.546200
34.980400
35.155300
35.836800
36.128400
36.817000
36.959900
36.998500
37.024000
37.025500
37.029400
37.030400
37.033300
37.035900
37.038600
37.040100
37.042100
37.044700
37.047100
37.049300
37.051700
37.053500
37.055300
37.057600
37.059700
37.062500
37.064200
37.066100
37.067200
37.070100
37.072600
37.074000
37.076900
37.079000
37.080000
37.081200
37.085400
37.086900
37.089200
37.090200
37.092400
37.093500
37.097200
37.098500
37.100100
37.104400
37.106300
37.109000
37.110200
37.113000
37.114600
37.118400
37.120500
37.122300
37.127000
37.130000
37.132200
37.134500
37.135900
37.138400
37.141900
37.143000
37.146300
37.147300
37.149400
37.151400
37.153500
37.159800
37.162000
37.166500
37.168100
37.171500
37.176500
37.177800
37.180500
37.183700
37.187600
37.196400
37.202400
37.204400
37.206800
37.209500
37.214000
37.223800
37.228800
37.236500
37.251500
37.258400
37.259800
37.272300
37.285900
37.297400
37.300800
37.313300
37.356700
37.412200
37.418100
37.433400
37.457600
37.478800
37.485700
37.510500
37.523300
37.570200
37.587600
37.632600
37.706300
38.207200
38.227900
38.871200
39.774600
40.232700
40.922900
41.395400
41.414800
41.920500
42.050100
42.358200
43.095400
43.646000
44.105600
44.434200
44.680600
45.113400
45.259200
45.518000
45.667600
45.847700
46.175500
46.193200
46.404800
46.715800
46.970100
47.210400
47.494500
47.664200
47.696800
47.699900
47.703900
47.711100
47.713800
47.717500
47.719400
47.722500
47.723500
47.731300
47.733800
47.735200
47.740200
47.741700
47.745500
47.746900
47.751600
47.754200
47.757500
47.758700
47.759900
47.762300
47.763600
47.766100
47.769500
47.772600
47.774800
47.777200
47.782600
47.784900
47.821500
47.838600
47.862600
47.916100
48.441000
48.655800
48.686500
48.836200
48.972000
49.229500
49.402400
49.641200
49.794600
49.950100
50.071300
50.221100
50.441300
50.648800
50.830400
50.878900
51.184200
51.535900
51.552800
51.557300
51.565100
51.568300
51.573700
51.576200
51.577500
51.580500
51.583700
51.586000
51.590900
51.592500
51.596400
51.598500
51.606300
51.607700
51.610000
51.616100
51.621900
51.623800
51.630600
51.634200
51.641900
51.644200
51.661600
51.664100
51.680400
51.698800
51.732600
51.771200
52.289100
52.338200
52.554300
52.901500
52.918900
53.095000
53.313900
53.595100
53.724800
53.765900
53.779600
53.790100
53.793800
53.796000
53.798700
53.799900
53.807700
53.810700
53.813600
53.817600
53.818800
53.820100
53.823300
53.825900
53.828000
53.829300
53.832200
53.833400
53.836100
53.839200
53.840900
53.842700
53.844100
53.845300
53.849100
53.851200
53.852300
53.856500
53.859600
53.860900
53.863400
53.866900
53.869200
53.871700
53.875000
53.877100
53.881000
53.882800
53.884600
53.887700
53.888700
53.891900
53.894300
53.900300
53.902800
53.910500
53.921800
53.923000
53.926200
53.930000
53.940600
53.942600
53.946300
53.949500
53.959300
53.960700
53.978300
53.984300
53.987400
53.992300
53.999700
54.009300
54.015100
54.029000
54.042800
54.053100
54.065200
54.079500
54.090000
54.106000
54.114000
54.124000
54.130300
54.141300
54.150300
54.165500
54.198000
54.213700
54.236500
54.285700
54.381000
55.338400
55.372600
55.792800
56.171100
56.591000
56.832600
56.912900
57.286600
57.639400
57.668900
57.803900
57.806800
57.808300
57.810600
57.831300
57.860800
57.871700
57.877200
57.879100
57.880800
57.883100
57.900500
57.901900
57.916700
57.919100
57.920800
57.945500
58.463200
58.674500
58.832900
59.013800
59.295000
59.472300
59.624200
59.900700
60.029100
60.182700
60.567000
60.898000
61.139700
61.285600
61.502800
61.753700
62.195400
62.286900
62.532700
62.661300
62.836400
62.990200
63.232900
63.594300
64.078100
64.275700
64.409300
64.668700
64.964900
65.169400
65.402100
65.422300
65.647800
65.787800
65.808400
65.810200
65.812500
65.813500
65.815900
65.817700
65.821000
65.823500
65.827800
65.828900
65.831800
65.833300
65.835800
65.837900
65.840100
65.841900
65.843100
65.846900
65.847900
65.849900
65.853100
65.854800
65.856900
65.858700
65.860300
65.862100
65.864500
65.866300
65.867900
65.869700
65.871500
65.873000
65.875300
65.876400
65.878400
65.879900
65.881100
65.886000
65.888700
65.891500
65.892500
65.897300
65.900200
65.904300
65.906000
65.908400
65.910500
65.913700
65.915500
65.918800
65.920000
65.923700
65.928000
65.930300
65.932300
65.934100
65.936600
65.940400
65.942700
65.947700
65.949400
65.951700
65.955200
65.956700
65.959300
65.960800
65.965600
65.966900
65.970000
65.973200
65.975300
65.977100
65.981300
65.985300
65.988500
65.990100
65.992000
65.997900
65.998900
66.002400
66.005500
66.014700
66.015900
66.019600
66.023000
66.024400
66.026700
66.028300
66.032400
66.034300
66.036800
66.041300
66.044200
66.053000
66.054000
66.064200
66.069300
66.070900
66.073200
66.076700
66.078800
66.086400
66.091500
66.097900
66.110700
66.112900
66.135700
66.148600
66.171100
66.181300
66.199100
66.248600
66.262900
66.280500
66.292700
66.308500
66.326900
66.335500
66.342700
66.352700
66.360700
66.384600
66.418300
66.430400
66.441800
66.454200
66.472400
66.509900
66.523100
66.579300
66.645900
66.697800
66.959500
67.418700
67.430400
67.431700
67.997900
68.273900
69.592500
70.309800
71.069900
72.025600
72.268600
73.279200
73.712200
74.186800
74.191800
74.200800
74.208200
74.213300
74.219800
74.225700
74.230400
74.240400
74.243700
74.249600
74.251000
74.259100
74.268700
74.284800
74.300400
74.325700
74.333000
74.343300
74.346800
74.350400
74.355900
74.358500
74.361500
74.369400
74.372500
74.376700
74.834200
74.873400
75.333900
75.469600
75.664400
75.824900
75.993000
76.100300
76.504900
76.737000
76.914300
77.035200
77.250500
77.409000
77.585100
77.882700
78.138300
78.268500
78.486900
78.852400
79.153700
79.208700
79.210100
79.211400
79.216900
79.219000
79.222200
79.226600
79.230800
79.234000
79.235300
79.236600
79.239700
79.241100
79.246600
79.248000
79.250200
79.252200
79.255300
79.256500
79.257600
79.261900
79.263900
79.265200
79.267900
79.271300
79.273300
79.275700
79.277000
79.281800
79.283800
79.288000
79.290400
79.291700
79.295800
79.300600
79.302500
79.305400
79.306600
79.310300
79.311300
79.315900
79.324100
79.331800
79.351000
79.365900
79.389100
79.426800
79.439600
79.455200
79.472700
79.507600
79.543000
80.211000
80.461800
80.672800
80.831600
81.296700
81.349600
81.646000
81.808100
82.298000
82.460000
82.969700
83.542200
83.678600
83.960600
84.131300
84.155200
84.506600
84.854100
85.031100
85.065500
85.070700
85.079000
85.084300
85.088300
85.092200
85.094800
85.097100
85.099900
85.103100
85.105300
85.108500
85.112100
85.113200
85.116900
85.119800
85.122400
85.125000
85.128000
85.129900
85.133700
85.136400
85.137500
85.139200
85.142100
85.143100
85.147200
85.148600
85.151600
85.153400
85.156500
85.160600
85.163900
85.172700
85.175200
85.178600
85.182000
85.190400
85.192000
85.193300
85.196700
85.199300
85.211500
85.221000
85.234100
85.246900
85.251900
85.254200
85.260400
85.272100
85.285700
85.305000
85.316800
85.326500
85.336100
85.352300
85.362000
85.402700
85.427600
85.455700
85.504700
86.295200
86.574900
86.806800
87.056300
87.286400
87.470600
87.617800
87.649700
87.872400
88.099100
88.286200
88.463000
88.702300
88.893900
89.472500
89.936600
90.091100
90.103400
90.108400
90.113000
90.114100
90.116300
90.118300
90.121900
90.125000
90.126700
90.130900
90.136700
90.138600
90.146500
90.149200
90.152200
90.157100
90.158800
90.162600
90.164200
90.168000
90.169600
90.173400
90.176600
90.178300
90.185400
90.186500
90.189600
90.196000
90.198200
90.201000
90.203000
90.217900
90.247800
90.253200
90.993300
91.121300
91.151700
91.390200
91.612400
91.749100
91.951600
92.109400
92.276700
92.425500
92.595700
92.630600
92.632700
92.635700
92.641900
92.646900
92.655700
92.658000
92.659900
92.662700
92.664900
92.668300
92.669700
92.673500
92.676200
92.678100
92.680400
92.683200
92.684300
92.686400
92.689100
92.690300
92.692600
92.693800
92.696500
92.697600
92.699600
92.702200
92.703500
92.704800
92.707300
92.709100
92.710100
92.713300
92.715100
92.717600
92.719200
92.721600
92.722600
92.724700
92.728000
92.729200
92.731700
92.733400
92.736200
92.737500
92.740400
92.742900
92.744000
92.746500
92.748300
92.751400
92.755700
92.756900
92.759800
92.761500
92.764300
92.765900
92.768900
92.771400
92.773600
92.775600
92.777500
92.779200
92.780300
92.784100
92.788700
92.789700
92.797300
92.799600
92.802000
92.803500
92.810000
92.812100
92.814300
92.817300
92.818700
92.820900
92.824200
92.838100
92.850100
92.855200
92.864100
92.871400
92.886100
92.889200
92.906600
92.913400
92.976700
92.986400
92.993800
93.001000
93.021500
93.033800
93.066800
93.079700
93.089900
93.152700
93.162100
93.200000
93.293400
93.672800
93.695200
94.341100
94.642500
94.868700
95.192200
95.826500
96.333000
96.450900
96.909400
97.115400
97.225000
97.417800
97.691200
97.951100
98.215400
98.570800
98.966900
99.356800
99.498500
99.768500
100.099400
100.263500
100.478300
100.606600
100.884200
101.235700
101.393900
101.533500
101.785800
102.020700
102.215400
102.239300
102.512600
102.673200
103.012900
103.263000
103.513200
103.722700
103.802300
103.812600
103.816500
103.818000
103.820500
103.823500
103.827100
103.834100
103.837400
103.840400
103.841900
103.845200
103.846400
103.849800
103.851100
103.856900
103.866100
103.867800
103.877200
103.878400
103.880600
103.929700
104.039100
104.311100
104.330200
104.526900
104.728400
105.007500
105.191500
105.383200
105.609100
105.946400
106.092500
106.237500
106.239600
106.242400
106.246400
106.249900
106.250900
106.254700
106.256600
106.258800
106.261100
106.262300
106.266000
106.269000
106.271200
106.273600
106.275300
106.276700
106.279100
106.281500
106.283200
106.284900
106.286200
106.289200
106.291900
106.293300
106.295800
106.298300
106.300000
106.302200
106.303600
106.305800
106.309000
106.311500
106.314900
106.317300
106.318600
106.322800
106.324200
106.325600
106.329300
106.332600
106.333900
106.337300
106.340600
106.342300
106.344700
106.347200
106.348400
106.350500
106.353800
106.355600
106.361800
106.365400
106.368000
106.375100
106.378300
106.384200
106.388200
106.394000
106.395000
106.409200
106.410200
106.429600
106.431500
106.434000
106.444200
106.451900
106.458900
106.465300
106.472200
106.485100
106.490700
106.499900
106.514700
106.521800
106.528100
106.538600
106.548100
106.566900
106.575800
106.595500
106.602900
106.630200
106.672100
106.769500
107.572300
107.604600
107.624500
108.267200
108.699500
108.895900
109.172100
109.194200
110.378700
110.680200
110.808800
110.992000
111.472600
111.770400
112.021500
112.539000
112.718200
112.746500
112.747700
112.749800
112.756200
112.758800
112.761200
112.768400
112.771300
112.773400
112.777700
112.780400
112.786100
112.787900
112.791700
112.793300
112.797000
112.798400
112.799500
112.803500
112.805400
112.806500
112.809200
112.810900
112.814600
112.818700
112.822000
112.824400
112.825900
112.829400
112.830900
112.838000
112.844400
112.850000
112.852700
112.854900
112.861600
112.885100
112.921700
112.949700
112.967000
113.004200
113.021400
113.054200
113.086200
113.608100
113.923100
114.069100
114.215000
114.379800
114.625000
114.779100
114.942300
115.079000
115.207200
115.469500
115.610100
115.792900
116.035200
116.220300
116.309800
116.475100
116.702300
116.725100
116.729500
116.730500
116.733200
116.737300
116.739400
116.742400
116.747400
116.750000
116.751100
116.754500
116.759800
116.760800
116.763900
116.766000
116.770800
116.772400
116.775400
116.776500
116.778700
116.780800
116.782900
116.788800
116.790300
116.793400
116.797000
116.800100
116.804700
116.806800
116.815400
116.817800
116.819300
116.827100
116.854200
116.864400
116.903900
116.946000
117.022300
117.825800
117.933500
118.164600
118.197800
118.354600
118.610400
118.728200
118.943900
119.207100
119.403100
119.748300
120.064700
120.198800
120.552100
120.692100
120.916600
120.934400
121.327400
121.350600
121.380800
121.383800
121.388700
121.390400
121.393100
121.395800
121.397100
121.400500
121.401600
121.403400
121.406700
121.410200
121.411200
121.413100
121.416200
121.417200
121.419100
121.423800
121.426700
121.428500
121.431500
121.433700
121.435400
121.437000
121.438300
121.441800
121.443200
121.445000
121.449400
121.450800
121.453600
121.456300
121.460400
121.461800
121.463200
121.464300
121.466900
121.469600
121.472600
121.478400
121.482900
121.484700
121.486300
121.489600
121.492000
121.493600
121.496700
121.499000
121.501800
121.503100
121.505800
121.508200
121.509700
121.511000
121.515100
121.516100
121.519000
121.520200
121.523700
121.525000
121.530500
121.533300
121.535400
121.538400
121.540800
121.542400
121.544500
121.545600
121.551400
121.553300
121.556200
121.562200
121.563400
121.569700
121.576900
121.579600
121.583000
121.585400
121.590800
121.596600
121.599200
121.606800
121.608000
121.610900
121.619900
121.621000
121.630800
121.632100
121.638900
121.650700
121.663700
121.693300
121.710200
121.716200
121.741400
121.743300
121.748700
121.757600
121.764400
121.770700
121.817000
121.823800
121.840700
121.848600
121.857400
121.865400
121.889900
121.898200
121.917300
121.934900
121.952600
121.971100
121.988400
122.019900
122.034800
122.140000
122.156300
122.179700
122.252700
122.834600
122.843600
123.155200
123.469800
123.729800
124.491400
124.632800
124.845200
125.531000
127.453000
127.584900
127.850100
128.098500
128.329700
128.521400
128.729800
128.895400
128.905300
128.969000
128.974100
128.984300
128.998000
129.014300
129.016700
129.066800
129.068300
129.383700
130.187800
130.491300
130.712100
131.150000
131.317500
131.574100
131.612100
131.696400
131.926100
132.219100
132.418000
132.695600
132.860700
133.012400
133.345900
133.500300
133.907500
133.931200
134.204500
134.434700
134.956400
135.142000
135.389500
135.638100
135.760000
135.943200
136.125500
136.413800
136.432600
136.672200
137.073200
137.247100
137.592500
137.639300
137.650700
137.653500
137.656900
137.660100
137.661900
137.663200
137.668100
137.670900
137.673500
137.676500
137.678400
137.681100
137.683600
137.686700
137.690200
137.691800
137.695300
137.696400
137.700100
137.703100
137.704200
137.706400
137.707500
137.709100
137.710500
137.712600
137.714100
137.715200
137.716900
137.720200
137.724800
137.728000
137.730500
137.731900
137.734400
137.737300
137.738800
137.741600
137.743700
137.747000
137.749800
137.751100
137.755800
137.758800
137.761700
137.762900
137.764700
137.766400
137.769000
137.770100
137.772500
137.774100
137.777400
137.780400
137.781500
137.785300
137.788000
137.789100
137.790700
137.797300
137.798800
137.800100
137.802200
137.806200
137.808900
137.811900
137.815100
137.816200
137.819500
137.821300
137.824200
137.825600
137.834200
137.846200
137.862600
137.867400
137.868700
137.881300
137.892700
137.897500
137.917700
137.972700
137.983100
137.991100
137.999300
138.014300
138.019600
138.025300
138.039100
138.048200
138.072200
138.086700
138.093700
138.103500
138.152100
138.162800
138.204100
138.249500
138.619400
138.645700
138.659900
138.662500
138.687900
138.697700
138.707400
138.712500
138.725900
138.749600
139.181900
139.541200
139.564400
139.625500
140.115200
141.079900
141.313800
142.442600
143.251500
143.741500
144.534200
144.860800
145.193900
145.202200
145.207100
145.213000
145.217200
145.222700
145.229300
145.235500
145.242100
145.249500
145.255300
145.258000
145.261200
145.267600
145.274200
145.279200
145.280300
145.283400
145.284700
145.289700
145.293300
145.295700
145.297700
145.299700
145.306600
145.308200
145.312400
145.313900
145.317800
145.321100
145.322400
145.359800
145.370700
145.922300
146.087700
146.118400
146.429200
146.561800
146.717000
146.998300
147.137900
147.326900
147.473100
147.639100
147.666500
148.032300
148.172100
148.333600
148.686700
148.850500
149.059100
149.213100
149.348800
149.525200
149.672600
150.040100
150.122500
150.129400
150.130500
150.135500
150.137900
150.140300
150.142400
150.145600
150.147200
150.150100
150.151100
150.152600
150.155400
150.159100
150.161500
150.163600
150.165300
150.166900
150.168200
150.170500
150.173400
150.175900
150.177000
150.181500
150.183000
150.186200
150.187400
150.190300
150.192100
150.193800
150.197000
150.200000
150.205700
150.209000
150.210000
150.219000
150.221700
150.222800
150.228100
150.230000
150.239100
150.242200
150.246200
150.252200
150.262400
150.271000
150.279600
150.295200
150.302600
150.316700
150.324000
150.342900
150.366700
150.381600
150.401100
150.438100
150.525900
151.276000
151.447200
151.602200
151.865100
152.225600
152.377800
152.653500
152.831600
152.943900
152.971000
153.131600
153.312200
153.481600
153.521400
153.823900
154.083500
154.244400
154.492200
154.760300
154.930200
155.139500
155.305100
155.541200
155.714500
156.191200
156.347300
156.535800
156.702200
156.717800
157.069400
157.351400
157.486200
157.864500
158.077600
158.093200
158.227700
158.595000
158.962900
158.993000
159.208700
159.227600
159.230900
159.232700
159.241300
159.243800
159.250600
159.252900
159.254100
159.260300
159.262200
159.263700
159.266000
159.268500
159.271700
159.273700
159.276600
159.277800
159.279200
159.281200
159.284700
159.286100
159.288800
159.292400
159.293500
159.297900
159.301300
159.302800
159.319400
159.324200
159.329200
159.390400
159.404900
160.683300
160.706300
160.723200
160.759400
161.460200
161.480800
161.501100
161.503900
161.505600
161.508500
161.512700
161.515000
161.518000
161.523700
161.525400
161.526500
161.529900
161.534600
161.539100
161.542100
161.544000
161.546700
161.551100
161.552300
161.554300
161.559300
161.561300
161.562500
161.564000
161.569900
161.573300
161.576300
161.578900
161.581900
161.583400
161.585800
161.587000
161.592100
161.594100
161.599600
161.602100
161.605800
161.607800
161.614900
161.618900
161.623500
161.631200
161.638200
161.639400
161.646900
161.655900
161.672400
161.685500
161.697200
161.708400
161.716000
161.727100
161.738400
161.757900
161.770200
161.781400
161.798700
161.814800
161.846000
161.861200
161.940200
162.684200
163.084100
163.307300
163.486300
163.786500
163.952900
164.190100
164.416800
164.620400
164.645200
164.685000
164.699100
164.724600
164.728300
164.730200
164.734200
164.737900
164.740600
164.743500
164.745500
164.747800
164.748900
164.752600
164.755100
164.756500
164.760100
164.763200
164.765800
164.766800
164.769700
164.772600
164.773900
164.776500
164.780000
164.781900
164.783600
164.785400
164.787700
164.789600
164.791000
164.794100
164.796500
164.799600
164.802300
164.805900
164.807000
164.809400
164.810800
164.813200
164.814700
164.816600
164.817800
164.821300
164.822800
164.825900
164.827500
164.828900
164.833500
164.835300
164.836400
164.841600
164.842800
164.845000
164.848600
164.850700
164.852700
164.854400
164.857600
164.860900
164.864800
164.866900
164.871600
164.874200
164.875300
164.880500
164.889400
164.891600
164.903100
164.923500
164.931600
164.970800
164.984100
165.032900
165.058000
165.068100
165.092800
165.106400
165.114500
165.121500
165.148300
165.158300
165.178000
165.220000
165.345600
165.780600
166.197000
166.218200
166.899900
167.145400
167.420400
167.683800
167.725500
167.806600
168.130600
168.489200
169.186100
169.747800
170.340800
170.666400
171.045100
171.266800
171.973800
172.297800
172.651300
172.888200
173.084500
173.343700
173.495800
173.630800
173.808200
174.221700
174.560400
174.747200
174.964500
174.984400
175.301200
175.315000
175.364800
175.370700
175.373000
175.374600
175.376400
175.379000
175.381300
175.383400
175.385700
175.387300
175.389800
175.390800
175.393900
175.395500
175.397700
175.399200
175.401500
175.404900
175.406700
175.408500
175.410400
175.412500
175.414200
175.417700
175.418900
175.422000
175.425300
175.426300
175.429600
175.432100
175.433100
175.435300
175.437000
175.438900
175.441000
175.444800
175.448300
175.450700
175.452100
175.455600
175.458500
175.459800
175.461800
175.464900
175.466200
175.468700
175.469800
175.472600
175.473700
175.477200
175.479100
175.481500
175.485700
175.487200
175.490800
175.493200
175.495600
175.498200
175.502900
175.504000
175.506300
175.513900
175.518100
175.522000
175.524000
175.526100
175.529200
175.533400
175.536400
175.539900
175.546400
175.549500
175.559800
175.561400
175.570500
175.575200
175.590600
175.597600
175.606900
175.608500
175.639200
175.644600
175.652600
175.660100
175.668800
175.699800
175.708500
175.715800
175.734600
175.740100
175.745900
175.758700
175.773700
175.786800
175.818300
175.830000
175.878600
175.912100
175.939800
175.979500
175.997900
176.030300
176.221400
176.912800
176.944800
177.364900
177.823500
178.109600
178.304200
179.166800
179.406600
179.858400
180.283000
180.568400
181.180600
181.437800
181.472100
181.474300
181.478700
181.482700
181.487300
181.493500
181.495300
181.501400
181.503200
181.504900
181.507100
181.512600
181.514200
181.519900
181.521700
181.525000
181.528100
181.529600
181.531400
181.532900
181.539800
181.543500
181.547600
181.551900
181.557400
181.563200
181.568700
182.070100
182.263600
182.393200
182.615200
182.639600
183.134500
183.283600
183.420200
183.673900
183.897900
184.057100
184.471900
184.800300
185.009200
185.339000
185.503700
185.704500
186.018600
186.345000
186.530900
186.757200
186.929500
186.950500
186.965700
186.969900
186.971200
186.974200
186.978800
186.980900
186.981900
186.984800
186.988200
186.989400
186.990700
186.992400
186.995700
186.997700
186.999000
187.002500
187.004900
187.006100
187.009600
187.013600
187.016400
187.018300
187.021000
187.022300
187.023900
187.027600
187.028600
187.030400
187.031500
187.034400
187.037000
187.040700
187.043300
187.044600
187.047000
187.049100
187.052100
187.054200
187.055900
187.057700
187.060500
187.064200
187.067200
187.070700
187.074400
187.076300
187.079800
187.082500
187.083800
187.085200
187.093200
187.099900
187.109200
187.112400
187.114000
187.128300
187.134200
187.143400
187.155400
187.165400
187.172300
187.184300
187.205000
187.211200
187.221700
187.234100
187.246900
187.254400
187.264600
187.279100
187.292200
187.354300
187.672100
188.234500
188.523400
188.720900
188.938100
189.501500
189.663100
189.840600
190.027400
190.056600
190.187200
190.514800
190.721000
190.905100
190.911200
190.914500
190.921700
190.924400
190.926000
190.927100
190.930100
190.932000
190.934600
190.935800
190.937200
190.939100
190.942100
190.945100
190.947000
190.950600
190.952100
190.954300
190.956900
190.958600
190.961100
190.963900
190.966800
190.969800
190.973200
190.974900
190.978600
190.981400
190.982500
190.986500
190.990200
190.992800
190.994600
190.996900
190.998200
191.002200
191.003300
191.008100
191.011100
191.015100
191.021800
191.033300
191.038500
191.041500
191.049000
191.058900
191.059900
191.072000
191.078300
191.087500
191.106500
191.116400
191.129800
191.146000
191.155500
191.161300
191.196800
191.247200
191.976500
192.183200
192.413400
192.569400
192.693800
193.090600
193.300300
193.325100
193.580100
193.767600
194.260600
194.422900
194.514100
194.528800
194.537600
194.544400
194.546400
194.551400
194.574700
194.577500
194.580400
194.582200
194.584300
194.590100
194.592900
194.594600
194.596700
194.598300
194.599600
194.602200
194.605400
194.608000
194.609100
194.613700
194.618700
194.622400
194.626400
194.636800
194.650800
194.687900
195.126600
195.378200
195.405700
195.719400
195.853800
196.071200
196.180400
196.603100
196.766100
196.983200
197.404500
197.572700
197.777600
197.966000
197.981900
198.157600
198.460400
198.484800
198.513500
198.523300
198.526800
198.530000
198.534300
198.539600
198.541100
198.542400
198.544700
198.547300
198.550300
198.551400
198.553700
198.555800
198.556900
198.560000
198.561600
198.564000
198.566600
198.570200
198.573100
198.575800
198.579500
198.582400
198.585000
198.586900
198.589200
198.592100
198.594200
198.598800
198.600800
198.603600
198.606400
198.608500
198.610300
198.613200
198.614200
198.615300
198.618800
198.619800
198.622900
198.624700
198.629800
198.637100
198.639000
198.642900
198.651200
198.656400
198.664400
198.665600
198.671400
198.676900
198.680100
198.686200
198.695500
198.702200
198.709900
198.718200
198.732800
198.742200
198.751900
198.772000
198.783600
198.798400
198.804800
198.813000
198.826400
198.846500
198.860700
198.877600
198.895000
198.967000
199.829300
199.859800
199.977600
200.285800
200.502900
200.673900
200.693700
200.898800
201.145500
201.277500
201.410500
201.633000
201.872800
202.065700
202.083300
202.258400
202.644500
202.757000
203.015000
203.331000
203.535700
203.632400
203.635300
203.639800
203.643700
203.647700
203.652800
203.655700
203.661300
203.663000
203.669000
203.671100
203.675500
203.677400
203.683800
203.685500
203.687800
203.689400
203.697700
203.698900
203.704000
203.705500
203.707700
203.714600
203.717500
203.721300
203.725000
203.726500
203.729000
203.736100
203.754100
203.766800
203.787800
203.854400
204.592900
204.621800
204.771200
204.788400
205.067100
205.087300
205.293700
205.425400
205.622400
205.639700
205.766200
205.894500
206.109700
206.133100
206.344700
206.376800
206.380100
206.381400
206.385200
206.390300
206.394400
206.396600
206.399500
206.402300
206.404800
206.406000
206.408500
206.411600
206.413000
206.417800
206.420200
206.422200
206.423600
206.425700
206.427600
206.429700
206.432900
206.434000
206.437200
206.438300
206.440400
206.446100
206.448400
206.449400
206.452200
206.453900
206.455900
206.458100
206.460100
206.465300
206.467400
206.468900
206.471900
206.473000
206.476700
206.479100
206.485300
206.489400
206.496800
206.511300
206.518200
206.528600
206.529600
206.545000
206.560300
206.568800
206.580900
206.602700
206.612700
206.631600
206.658700
206.694200
206.737900
206.805500
206.817800
207.469900
207.704900
208.018300
208.345300
208.484400
208.631800
208.788200
209.051300
209.271600
209.294000
209.556500
209.953100
210.149100
210.318400
210.779100
210.931800
211.055500
211.363000
211.390600
211.563300
211.703600
211.892900
212.079200
212.191300
212.212700
212.213700
212.217600
212.221500
212.226200
212.232200
212.233500
212.235300
212.236900
212.239300
212.246000
212.248000
212.249700
212.254400
212.257100
212.258100
212.260800
212.263400
212.265300
212.267700
212.271700
212.275900
212.278900
212.280700
212.281700
212.284800
212.287100
212.290200
212.293400
212.294900
212.299700
212.301300
212.304600
212.313300
212.314600
212.318100
212.340700
212.347800
212.358300
212.375200
212.407500
212.437900
212.469100
212.543900
213.521900
213.549600
213.596500
213.918200
213.946400
214.289500
214.303700
214.308400
214.311500
214.312600
214.315500
214.316600
214.319400
214.325000
214.329200
214.330700
214.333200
214.338100
214.344800
214.347200
214.349500
214.356700
214.358100
214.364500
214.366600
214.369700
214.374400
214.377300
214.383500
214.387200
214.390900
214.399000
214.400600
214.411000
214.426400
214.433200
214.442900
214.452100
214.502500
214.985300
215.011700
215.344900
215.590900
215.785100
215.900800
215.973100
216.295300
216.312500
216.348900
216.351000
216.364900
216.367700
216.369200
216.372400
216.374800
216.376500
216.379900
216.383800
216.385400
216.388100
216.389200
216.392000
216.394500
216.396500
216.398400
216.399900
216.401500
216.403000
216.404900
216.406800
216.408400
216.411200
216.412200
216.415100
216.417700
216.420300
216.421900
216.424000
216.426300
216.427500
216.428500
216.432700
216.433900
216.437600
216.442400
216.444200
216.446400
216.447700
216.451100
216.453700
216.455400
216.458900
216.461500
216.462600
216.464000
216.469400
216.472000
216.473800
216.475900
216.479400
216.482100
216.486800
216.488600
216.490500
216.493400
216.496100
216.498100
216.499600
216.502400
216.507900
216.509700
216.512400
216.516100
216.517200
216.521600
216.523400
216.525300
216.527700
216.530700
216.534100
216.537500
216.539000
216.541200
216.547900
216.549600
216.552300
216.558500
216.559500
216.563500
216.567500
216.573300
216.577300
216.582600
216.598700
216.600700
216.607900
216.614000
216.616000
216.622100
216.635100
216.650700
216.670600
216.678100
216.701300
216.702800
216.719500
216.724900
216.754200
216.774800
216.778900
216.793400
216.811100
216.833900
216.845000
216.857400
216.865200
216.879500
216.899300
216.925500
216.935300
216.959700
217.000200
217.029800
217.098000
217.752200
217.771100
218.215900
218.433200
218.771800
218.827900
219.153900
219.210600
219.257100
219.645500
219.979100
221.054300
221.698600
222.213100
222.555500
222.862200
223.009200
223.066300
223.154900
223.179600
223.211600
223.215300
223.556400
223.967500
224.258200
224.410100
224.531700
224.685100
225.469500
225.696400
225.704700
225.712600
225.716700
225.723600
225.724800
225.728100
225.729900
225.732500
225.735800
225.740000
225.744500
225.746200
225.748600
225.750300
225.754200
225.756600
225.763200
225.766000
225.768300
225.773400
225.776000
225.778300
225.782600
225.786000
225.788500
225.789700
225.796500
225.799700
225.804300
225.806400
225.809200
225.812000
225.813900
225.822800
225.825500
225.836100
225.849600
225.892800
225.907800
225.940200
226.019900
226.597800
226.712100
226.729500
226.853600
227.014100
227.029600
227.205500
227.358200
227.583700
227.684200
228.063100
228.233100
228.357600
228.702600
229.049300
229.063600
229.425900
229.746100
229.868700
230.029400
230.339100
230.492200
230.629300
230.892700
230.972500
231.467000
231.527000
231.532700
231.536000
231.544900
231.547100
231.554100
231.559800
231.562100
231.564800
231.566200
231.567600
231.570200
231.571800
231.573600
231.575400
231.577400
231.579300
231.580700
231.583600
231.586000
231.589100
231.590600
231.591900
231.592900
231.597200
231.599000
231.600400
231.603000
231.604400
231.607700
231.612100
231.613400
231.614400
231.618600
231.620300
231.621300
231.624300
231.626500
231.629300
231.631900
231.633700
231.637500
231.638800
231.642600
231.645400
231.646700
231.649500
231.650700
231.653700
231.655500
231.658200
231.663300
231.665100
231.669900
231.673500
231.675200
231.676300
231.683400
231.687100
231.690500
231.694500
231.701700
231.706000
231.713400
231.715000
231.729600
231.732200
231.736400
231.745000
231.750900
231.756300
231.761900
231.764000
231.769600
231.775900
231.783700
231.794500
231.801300
231.820700
231.829600
231.841300
231.850200
231.858700
231.865500
231.882200
231.892100
231.906400
231.925200
231.948100
231.962800
231.991500
232.092600
232.861500
232.884100
233.477500
233.495800
233.827500
234.074800
234.399100
234.474800
234.478400
234.481000
234.482200
234.485600
234.489400
234.493100
234.498100
234.501500
234.507900
234.513300
234.515400
234.518000
234.533100
234.537900
234.539200
234.543000
234.549600
234.554000
234.572100
234.574500
234.603800
234.617300
234.664200
235.179900
235.215900
235.490200
235.689400
235.847500
235.967900
236.172400
236.476200
236.707100
236.744000
237.016300
237.403700
237.792800
238.111600
238.328100
238.536000
238.722700
238.911100
239.343600
239.364400
239.551500
239.919400
240.150700
240.282700
240.415100
240.616300
240.912000
240.923200
240.957700
240.972100
240.975300
240.979800
240.982800
240.984900
240.986400
240.987800
240.990000
240.991400
240.994500
240.996800
240.998600
241.000100
241.001700
241.004500
241.006300
241.007300
241.009000
241.010200
241.012800
241.014800
241.015800
241.018100
241.021200
241.023000
241.025700
241.028100
241.030700
241.031800
241.034700
241.038000
241.039100
241.042200
241.045600
241.047500
241.049100
241.051500
241.054100
241.055500
241.058600
241.061800
241.063200
241.067200
241.069800
241.072900
241.074200
241.077100
241.078700
241.082300
241.084900
241.087900
241.095300
241.096400
241.099200
241.100700
241.105400
241.107000
241.110200
241.115300
241.116400
241.120800
241.126400
241.131000
241.134300
241.143000
241.144800
241.162200
241.170400
241.176800
241.184700
241.193400
241.199300
241.206900
241.218600
241.226100
241.239200
241.247300
241.273700
241.282900
241.306400
241.327800
241.348200
241.371500
241.393500
241.419800
241.437500
241.941500
241.972000
242.412800
242.618800
242.797000
243.187200
243.307500
243.617500
244.097600
244.120000
244.194000
244.210300
244.335300
244.337500
244.342200
244.353100
244.807400
245.158700
245.341000
245.694200
245.699500
245.700800
245.706900
245.715400
245.718100
245.723300
245.726300
245.730600
245.737600
245.741900
245.743000
245.747000
245.748600
245.752100
245.757300
245.760300
245.763400
245.766000
245.769300
245.771200
245.772600
245.774900
245.776700
245.786700
245.788900
245.806900
245.816900
245.836000
245.872200
246.345400
246.857300
247.044900
247.256700
247.475900
247.724600
247.819000
248.030500
248.370200
248.601800
248.841000
249.171700
249.349700
249.573100
249.721600
249.953500
250.094800
250.279900
250.306700
250.440000
250.575800
250.896600
250.986400
251.166900
251.340300
251.696000
251.716200
251.906400
252.088300
252.403800
252.538600
252.542600
252.548800
252.553100
252.556800
252.559600
252.560600
252.562700
252.564800
252.567400
252.569300
252.571800
252.574400
252.577100
252.578600
252.580800
252.581800
252.584400
252.586700
252.588500
252.591600
252.592700
252.595200
252.597200
252.599600
252.603900
252.606100
252.607400
252.610600
252.612200
252.615300
252.617700
252.619500
252.622200
252.623700
252.626200
252.627400
252.629200
252.632300
252.634600
252.636400
252.639000
252.640300
252.641600
252.645100
252.647700
252.651000
252.653500
252.655300
252.656900
252.658100
252.662300
252.663600
252.666700
252.668800
252.672300
252.676300
252.678400
252.684000
252.685000
252.688800
252.689800
252.693000
252.695400
252.697800
252.702200
252.705700
252.708700
252.709900
252.712100
252.713300
252.718500
252.720600
252.723700
252.725800
252.732700
252.733900
252.740600
252.741700
252.748400
252.752100
252.753600
252.762600
252.767900
252.772800
252.774700
252.776200
252.781700
252.783000
252.785300
252.787300
252.796500
252.797800
252.809100
252.810400
252.813300
252.820600
252.828500
252.830400
252.843100
252.856000
252.865400
252.867400
252.874600
252.894500
252.910800
252.942900
252.963500
252.971400
252.982800
252.991600
253.010100
253.021800
253.039700
253.046400
253.057100
253.062200
253.068000
253.080100
253.087200
253.106000
253.116800
253.125300
253.142900
253.149500
253.161900
253.202700
253.227500
253.255600
253.281900
253.299600
253.323300
253.333800
253.387200
253.398500
253.415900
253.456800
253.592900
253.620500
253.636600
254.035300
254.059100
254.073500
254.927300
255.911400
257.242300
257.916700
258.090700
258.864200
259.036700
259.055400
259.061300
259.068200
259.075000
259.084800
259.086800
259.094600
259.104500
259.129300
259.143900
259.157500
259.191600
259.536600
259.543000
259.547600
259.555900
259.567800
259.581400
259.607500
259.622200
259.639800
260.221900
260.330200
260.469800
260.705500
261.152400
261.324400
261.503700
261.790400
261.976100
262.093000
262.161900
262.180900
262.182700
262.186600
262.194800
262.203000
262.205100
262.209100
262.210600
262.212700
262.216500
262.217700
262.221100
262.223000
262.226000
262.229200
262.231100
262.234700
262.237900
262.239300
262.241300
262.247700
262.250800
262.256100
262.259100
262.269700
262.271900
262.294800
262.371600
262.414100
262.535300
262.887800
263.071100
263.181800
263.290700
263.517000
263.640800
263.822400
264.343700
264.529700
264.703400
264.821700
264.854200
264.867900
264.872900
264.875100
264.880200
264.890500
264.895000
264.901100
264.914700
264.926100
264.928100
264.932800
264.935100
264.944200
264.946800
264.948700
264.950000
264.953200
264.954600
264.956700
264.959200
264.960900
264.963800
264.965800
264.972100
264.975400
264.986000
264.987300
264.990000
264.991800
265.039300
265.648600
265.763500
265.974000
266.031700
266.262200
266.288800
266.393000
266.794000
267.023700
267.248000
267.447100
267.622100
267.692000
267.951900
268.194600
268.393200
268.746000
268.779700
268.807600
268.810600
268.814000
268.815800
268.825800
268.829200
268.833600
268.834600
268.838400
268.841000
268.843000
268.845800
268.848700
268.851400
268.853100
268.856000
268.860000
268.861200
268.865400
268.866800
268.869800
268.871200
268.879300
268.882600
268.893100
268.895300
268.898900
268.907900
268.920300
268.958700
269.019900
269.564900
269.587900
269.822300
269.846000
270.014800
270.036000
270.221800
270.548600
270.841400
271.053900
271.084700
271.087000
271.089800
271.093900
271.098400
271.102500
271.109000
271.112100
271.113400
271.116600
271.122500
271.123700
271.129500
271.132100
271.133900
271.136700
271.137900
271.142200
271.143200
271.147000
271.150200
271.153900
271.155400
271.156500
271.160200
271.163900
271.170200
271.175300
271.176900
271.187700
271.188700
271.207700
271.254800
271.318000
271.976200
272.369300
272.378700
272.608900
272.626200
272.818800
272.869800
272.881800
273.198200
273.355400
273.715400
273.964800
274.165800
274.432700
274.571700
274.898600
274.943200
274.981200
274.983000
274.985000
274.987200
274.990400
274.992900
274.995500
274.998200
274.999500
275.000500
275.003500
275.006100
275.008900
275.010000
275.012300
275.015100
275.016200
275.019000
275.020400
275.022200
275.025500
275.026800
275.028100
275.031100
275.033900
275.035200
275.037200
275.040100
275.043500
275.044500
275.049600
275.050900
275.053300
275.054400
275.059500
275.061300
275.066300
275.068100
275.070800
275.073200
275.074500
275.077100
275.078500
275.082000
275.083200
275.087100
275.089200
275.092200
275.093600
275.098800
275.100400
275.102300
275.105900
275.108500
275.110200
275.113400
275.114600
275.121200
275.123000
275.125500
275.126500
275.137200
275.138700
275.150700
275.153200
275.162200
275.168100
275.169400
275.174000
275.181200
275.189000
275.197400
275.202100
275.213700
275.226000
275.233700
275.239500
275.247700
275.257600
275.266100
275.274500
275.281400
275.286400
275.292700
275.313000
275.320900
275.336900
275.347500
275.362100
275.382600
275.416800
275.464900
275.530100
276.262600
276.280900
276.294900
277.089800
277.311200
277.443200
277.468200
277.489100
277.490400
277.498000
277.505200
277.507300
277.511700
277.514100
277.520000
277.521900
277.524200
277.532600
277.534600
277.547300
277.551400
277.591900
278.295700
278.432800
278.578800
278.767400
279.006100
279.354600
279.543900
279.891500
280.012200
280.259100
280.455400
280.470800
280.483000
280.509700
280.551900
280.560100
280.564600
280.568800
280.572500
280.574900
280.576800
280.580300
280.582800
280.589800
280.593100
280.594800
280.600100
280.601700
280.605900
280.613100
280.615400
280.622000
280.623400
280.624600
280.631100
280.635100
280.654700
280.664900
281.120900
281.290900
281.390300
281.436300
281.626500
281.806600
282.011900
282.147400
282.346600
282.495300
282.661500
282.819100
282.975200
283.126900
283.136500
283.144400
283.160400
283.167600
283.170400
283.172100
283.176200
283.177400
283.179200
283.180200
283.182800
283.184100
283.187400
283.188500
283.191200
283.193000
283.194500
283.196200
283.199600
283.202700
283.203900
283.205600
283.209900
283.211600
283.212700
283.217000
283.218600
283.219600
283.223500
283.225700
283.227900
283.230600
283.233200
283.235200
283.237600
283.238900
283.241200
283.244400
283.247500
283.248600
283.251600
283.254400
283.256400
283.257900
283.259000
283.261500
283.263200
283.264300
283.266500
283.268400
283.270200
283.271400
283.272700
283.277000
283.281300
283.283800
283.288000
283.291000
283.292500
283.295600
283.298000
283.299100
283.305600
283.308600
283.311800
283.316200
283.317400
283.320700
283.321900
283.325900
283.327300
283.329200
283.333100
283.336400
283.337500
283.339100
283.342400
283.346700
283.348100
283.358400
283.364000
283.367900
283.369700
283.379900
283.381200
283.392600
283.394900
283.416400
283.420800
283.423500
283.433300
283.434900
283.440700
283.447400
283.449000
283.472700
283.497900
283.502900
283.515000
283.521700
283.530300
283.541100
283.557200
283.562100
283.570000
283.617000
283.629200
283.679000
283.690800
283.705800
283.739400
283.791100
284.217700
284.241000
284.297000
284.303800
284.309100
284.338900
285.210600
285.859400
286.674100
286.810400
287.725800
288.044100
288.612900
288.958200
289.286400
289.756000
289.975000
290.105400
290.246900
290.359100
290.374400
290.375400
290.378600
290.384500
290.402300
290.405100
290.411100
290.417900
290.419900
290.421600
290.426600
290.428300
290.433100
290.435200
290.437000
290.440800
290.444700
290.447700
290.449400
290.453200
290.464300
290.465900
290.471700
290.495900
290.900200
291.143700
291.171900
291.377500
291.668800
291.988500
292.135700
292.347600
292.475400
292.588200
292.720900
293.024500
293.243500
293.471200
293.491200
293.496100
293.497800
293.500200
293.504500
293.508200
293.511600
293.512900
293.515500
293.517100
293.523200
293.524700
293.532700
293.534900
293.537600
293.539100
293.543800
293.549900
293.551700
293.555300
293.556300
293.559900
293.562800
293.564400
293.566800
293.572000
293.573700
293.576100
293.587800
293.590700
293.601600
293.609600
293.649100
293.712100
294.219200
294.238100
294.367400
294.603100
294.800400
295.032100
295.283500
295.382200
295.508300
295.765800
295.810400
295.813500
295.821700
295.828800
295.833100
295.834400
295.838400
295.841500
295.844200
295.845500
295.848000
295.851600
295.855100
295.858200
295.860800
295.862600
295.864400
295.866800
295.868000
295.871400
295.876800
295.881600
295.882700
295.884400
295.887000
295.891800
295.895800
295.899400
295.903300
295.904900
295.913500
295.916400
295.943600
295.964600
296.070900
296.729800
296.748100
297.088500
297.361700
297.603300
297.725700
297.901700
298.261300
298.547400
298.722700
298.990600
299.077500
299.317000
299.631300
299.820600
